1
0
0
01
0
1
01
0
2
01
0
3
01
0
4
01
0
5
01
0
6
01
0
7
01
0
8
01
0
9
01
1
0
01
1
1
01
1
2
01
1
3
01
1
4
01
1
5
01
1
6
01
1
7
01
1
8
01
1
9
01
2
0
01
2
1
01
2
2
01
2
3
01
2
4
01
2
5
01
2
6
01
2
7
01
2
8
01
2
9
01
3
0
01
3
1
01
3
2
01
3
3
01
3
4
01
3
5
01
3
6
01
3
7
01
3
8
01
3
9
01
4
0
01
4
1
01
4
2
01
4
3
01
4
4
01
4
5
01
4
6
01
4
7
01
4
8
01
4
9
01
5
0
01
5
1
01
5
2
01
5
3
01
5
4
01
5
5
01
5
6
01
5
7
01
5
8
01
5
9
01
6
0
01
6
1
01
6
2
01
6
3
01
6
4
01
6
5
01
6
6
01
6
7
01
6
8
01
6
9
01
7
0
01
7
1
01
7
2
01
7
3
01
7
4
01
7
5
01
7
6
01
7
7
01
7
8
01
7
9
01
8
0
01
8
1
01
8
2
01
8
3
01
8
4
01
8
5
01
8
6
01
8
7
01
8
8
01
8
9
01
9
0
01
9
1
01
9
2
01
9
3
01
9
4
01
9
5
01
9
6
01
9
7
01
9
8
01
9
9
0